Left Range,Center Range,Right Range,Left Track Duty,Right Track Duty
132.9178810119629,128.75938415527344,127.47859954833984,0,0
126.29103660583496,122.03526496887207,119.1251277923584,0,0
128.2811164855957,141.12138748168945,145.10154724121094,0,0
162.4610424041748,132.35044479370117,106.38213157653809,0,0
87.42165565490723,102.1425724029541,113.00492286682129,0,0
73.16279411315918,62.32476234436035,53.91049385070801,0,0
125.99921226501465,65.92798233032227,50.97198486328125,0,0
104.13670539855957,68.40038299560547,45.92585563659668,0,0
67.8856372833252,82.57412910461426,57.61098861694336,0,0
67.07096099853516,69.67711448669434,58.818817138671875,0,0
91.28022193908691,100.24571418762207,64.05138969421387,0,0
80.53135871887207,54.96025085449219,45.24087905883789,0,0
34.07859802246094,38.56539726257324,49.09539222717285,0,0
59.892892837524414,55.008888244628906,54.08072471618652,0,0
0.0,212.86964416503906,0.0,0,0
184.2505931854248,177.7048110961914,104.94732856750488,0,0
0.0,166.55874252319336,153.6698341369629,0,0
213.32764625549316,209.031343460083,209.05160903930664,0,0
96.50063514709473,0.0,0.0,0,0
93.17302703857422,93.01495552062988,64.1486644744873,0,0
87.78238296508789,89.8292064666748,91.1099910736084,0,0
93.2621955871582,95.51572799682617,73.4870433807373,0,0
91.00461006164551,96.80867195129395,95.97373008728027,0,0
94.59567070007324,96.34661674499512,69.30828094482422,0,0
86.9596004486084,93.65129470825195,95.4751968383789,0,100
82.21745491027832,77.8360366821289,76.79033279418945,60,100
145.0042724609375,0.0,65.09709358215332,100,100
0.0,0.0,0.0,100,100
0.0,0.0,142.99798011779785,100,100
0.0,59.59296226501465,39.66379165649414,0,100
117.42687225341797,197.99470901489258,204.5607566833496,100,100
215.52038192749023,180.38392066955566,151.43656730651855,100,100
156.12196922302246,138.07344436645508,139.65415954589844,100,22
117.68221855163574,139.512300491333,205.88207244873047,100,32
115.31519889831543,127.77447700500488,170.1052188873291,100,100
143.9383029937744,139.79196548461914,167.27614402770996,100,41
107.00631141662598,116.44196510314941,149.32894706726074,100,100
103.18827629089355,124.80354309082031,119.15349960327148,100,100
85.57748794555664,95.13068199157715,105.14998435974121,100,100
77.84414291381836,70.3742504119873,62.41798400878906,100,41
47.133684158325195,48.78735542297363,54.46982383728027,100,42
70.74308395385742,87.68916130065918,137.48979568481445,100,100
54.68869209289551,60.84942817687988,69.72169876098633,100,79
88.24443817138672,108.91532897949219,100.7077693939209,100,79
82.20529556274414,125.90193748474121,97.17345237731934,100,100
110.32581329345703,75.55007934570312,64.89443778991699,100,100
68.96376609802246,82.17692375183105,91.09377861022949,100,100
92.3299789428711,81.54463768005371,77.20780372619629,79,100
114.34650421142578,143.6140537261963,84.8073959350586,100,100
126.56664848327637,71.37537002563477,70.60933113098145,93,100
86.44485473632812,94.6645736694336,72.06439971923828,84,100
83.31584930419922,83.41312408447266,74.22876358032227,100,100
85.24918556213379,93.84989738464355,71.10786437988281,100,100
83.89544486999512,118.81303787231445,113.98172378540039,100,100
75.31499862670898,102.95724868774414,106.02545738220215,98,100
80.18684387207031,75.53386688232422,64.55802917480469,79,57
50.566673278808594,58.25948715209961,58.393239974975586,100,0
71.98333740234375,115.61107635498047,98.98519515991211,81,100
51.697492599487305,66.30897521972656,212.57781982421875,100,100
64.57018852233887,176.42807960510254,168.46776008605957,100,100
114.38298225402832,118.32261085510254,157.7918529510498,100,99
106.09841346740723,120.11408805847168,113.2197380065918,100,90
72.08871841430664,95.2765941619873,103.94620895385742,100,90
79.20193672180176,73.20737838745117,149.26815032958984,100,91
44.31271553039551,51.89204216003418,60.5008602142334,100,91
78.3548355102539,78.16839218139648,119.57097053527832,100,24
106.88471794128418,115.53406715393066,121.41919136047363,100,0
99.31755065917969,95.55625915527344,91.02892875671387,0,100
77.01325416564941,80.72996139526367,83.31990242004395,100,100
75.88648796081543,133.86225700378418,85.51669120788574,100,100
151.0758399963379,153.17535400390625,113.60883712768555,100,100
69.24748420715332,60.25362014770508,56.09917640686035,0,100
119.4007396697998,121.03414535522461,89.1563892364502,100,100
101.83048248291016,87.66484260559082,82.50117301940918,100,100
110.47172546386719,161.3626480102539,86.22193336486816,0,100
140.87820053100586,132.39097595214844,0.0,100,100
163.41352462768555,197.0665454864502,119.90737915039062,100,100
0.0,86.12465858459473,78.54533195495605,100,100
118.68739128112793,0.0,0.0,100,100
200.81162452697754,207.20338821411133,198.82965087890625,100,100
153.89275550842285,161.2410545349121,190.75989723205566,100,30
150.9988307952881,163.85936737060547,200.78325271606445,100,49
159.25908088684082,166.29528999328613,173.5544204711914,100,53
154.4804573059082,162.89472579956055,154.99114990234375,78,100
123.0323314666748,130.4454803466797,146.6538906097412,100,100
120.880126953125,112.579345703125,103.5165786743164,100,98
79.04386520385742,86.42053604125977,94.88749504089355,100,45
71.30241394042969,66.18332862854004,66.17927551269531,100,45
48.52795600891113,53.66325378417969,80.60431480407715,100,43
65.34028053283691,131.59656524658203,124.55630302429199,100,29
112.35237121582031,114.73965644836426,119.45748329162598,100,0
105.83901405334473,101.59540176391602,152.91190147399902,0,0
103.26123237609863,97.6557731628418,92.39077568054199,0,31
0.0,0.0,156.42189979553223,0,0
98.1745719909668,99.88093376159668,194.3347454071045,0,0
196.58827781677246,193.86863708496094,155.81798553466797,0,0
88.96589279174805,99.30133819580078,194.24962997436523,100,100
186.1555576324463,172.60193824768066,137.55059242248535,100,77
161.91792488098145,178.4343719482422,161.45992279052734,100,100
140.63501358032227,126.82199478149414,121.05846405029297,100,100
110.75949668884277,176.89824104309082,161.80038452148438,100,100
157.4392318725586,142.36974716186523,98.70147705078125,100,100
133.1002712249756,122.67565727233887,128.1716823577881,100,65
105.72147369384766,96.24123573303223,75.26636123657227,100,100
62.863826751708984,70.4188346862793,97.82600402832031,100,79
66.69807434082031,62.75439262390137,33.41794013977051,100,100
124.04561042785645,134.06896591186523,48.08616638183594,100,100
107.09142684936523,100.91042518615723,97.53012657165527,100,100
69.45419311523438,79.12492752075195,86.23409271240234,100,100
60.03069877624512,51.77044868469238,47.0728874206543,0,0
46.201467514038086,45.30978202819824,45.29762268066406,0,0
45.24493217468262,45.63403129577637,46.19336128234863,0,0
46.120405197143555,44.77071762084961,45.24087905883789,0,0
44.33703422546387,45.638084411621094,47.06883430480957,-100,0
52.24466323852539,52.50811576843262,49.196720123291016,100,28
44.22354698181152,43.76959800720215,45.35031318664551,-100,-100
65.12951850891113,57.3272705078125,50.02760887145996,-100,-100
68.01533699035645,80.34896850585938,83.03618431091309,100,100
52.14738845825195,55.033206939697266,72.51834869384766,100,66
45.5935001373291,85.41536331176758,89.6914005279541,-100,100
72.95608520507812,49.857378005981445,44.40593719482422,-100,100
71.52533531188965,74.19228553771973,48.54416847229004,-79,63
41.191816329956055,40.23933410644531,40.741920471191406,0,5
38.75589370727539,35.27021408081055,43.94793510437012,100,100
111.72008514404297,179.05855178833008,59.32140350341797,100,100
0.0,158.19716453552246,149.9612331390381,100,100
0.0,135.08224487304688,142.23599433898926,100,100
116.15419387817383,104.69603538513184,110.20827293395996,100,100
171.0820198059082,79.86664772033691,88.63353729248047,32,100
110.6257438659668,0.0,72.77774810791016,100,100
113.28864097595215,207.4911594390869,0.0,100,100
0.0,0.0,87.39328384399414,100,100
147.55773544311523,188.13753128051758,80.3530216217041,100,100
167.2842502593994,155.96795082092285,147.41992950439453,100,100
141.1902904510498,130.65624237060547,138.04101943969727,100,100
112.52260208129883,103.84082794189453,47.90782928466797,100,100
94.18225288391113,79.97608184814453,86.50970458984375,36,100
84.99383926391602,78.91416549682617,66.1306381225586,100,100
133.67986679077148,53.2376766204834,58.89582633972168,6,62
44.45457458496094,42.44828224182129,41.167497634887695,0,100
60.8372688293457,65.7658576965332,119.95601654052734,100,0
103.43146324157715,162.43267059326172,155.32350540161133,0,100
46.50545120239258,74.48410987854004,95.15500068664551,100,0
85.52074432373047,134.25540924072266,120.40996551513672,4,100
75.61492919921875,116.6081428527832,119.53449249267578,100,100
101.31168365478516,127.66504287719727,93.73235702514648,100,100
90.13724327087402,65.40918350219727,108.7653636932373,100,100
79.67209815979004,70.46341896057129,61.33580207824707,100,98
43.47372055053711,45.41921615600586,51.87177658081055,0,0
43.91956329345703,58.23922157287598,60.84132194519043,-100,0
83.23478698730469,53.36332321166992,48.37799072265625,-100,0
85.8774185180664,63.20834159851074,61.36822700500488,0,0
128.77559661865234,97.85842895507812,94.85101699829102,100,100
113.01302909851074,73.30870628356934,50.481557846069336,100,100
160.69388389587402,98.77443313598633,58.78639221191406,100,100
80.92856407165527,47.39713668823242,40.32444953918457,0,100
61.708688735961914,142.68183708190918,76.39718055725098,100,100
124.97377395629883,113.49940299987793,104.23398017883301,100,100
88.88483047485352,88.94157409667969,96.52900695800781,100,100
71.26188278198242,61.696529388427734,56.44369125366211,0,100
160.9208583831787,133.20159912109375,61.09261512756348,100,100
135.03360748291016,114.52078819274902,57.73663520812988,100,100
76.96056365966797,121.22058868408203,59.07011032104492,100,100
108.16144943237305,100.68345069885254,91.2477970123291,100,100
79.70452308654785,78.29809188842773,84.07378196716309,100,100
71.5780258178711,58.59994888305664,52.82425880432129,100,100
83.3442211151123,135.88881492614746,102.11420059204102,100,100
119.25888061523438,83.75358581542969,70.2364444732666,51,100
174.60012435913086,179.30173873901367,95.64948081970215,100,100
0.0,98.1137752532959,73.9450454711914,100,100
0.0,212.20898628234863,86.48133277893066,100,100
171.77915573120117,109.41386222839355,91.47071838378906,100,100
179.31795120239258,115.72456359863281,126.81794166564941,100,100
132.4923038482666,91.36533737182617,87.47029304504395,100,100
92.12732315063477,82.4282169342041,103.74760627746582,100,100
78.0792236328125,57.63530731201172,54.75759506225586,20,100
89.7359848022461,52.14333534240723,58.158159255981445,53,100
83.61172676086426,36.040306091308594,70.99437713623047,0,100
118.90625953674316,65.06061553955078,65.78612327575684,100,100
53.09176445007324,40.66896438598633,40.790557861328125,0,100
162.48130798339844,135.39838790893555,89.58601951599121,100,100
123.1377124786377,57.169198989868164,52.735090255737305,0,100
120.64099311828613,128.2486915588379,132.8732967376709,100,100
113.68179321289062,0.0,106.79149627685547,100,100
0.0,0.0,128.16357612609863,100,100
0.0,73.24385643005371,56.75983428955078,100,100
197.13544845581055,96.57764434814453,71.52938842773438,0,100
191.4083957672119,198.26626777648926,179.29768562316895,100,100
121.52457237243652,162.8704071044922,170.55106163024902,100,100
148.3926773071289,138.0612850189209,129.41598892211914,100,100
128.76343727111816,113.96551132202148,119.80199813842773,37,100
121.17195129394531,93.76883506774902,84.15889739990234,100,100
81.54869079589844,84.46693420410156,79.29515838623047,100,100
70.06216049194336,60.788631439208984,54.43739891052246,59,100
110.53252220153809,124.14693832397461,51.3002872467041,100,100
129.6389102935791,168.24889183044434,137.0236873626709,100,100
86.25030517578125,105.22699356079102,153.51581573486328,100,100
94.52676773071289,125.37503242492676,117.54035949707031,100,100
128.20816040039062,136.69133186340332,108.43300819396973,100,100
84.4426155090332,76.55525207519531,101.38463973999023,77,100
80.55567741394043,84.81955528259277,58.10141563415527,54,100
71.52938842773438,63.89737129211426,57.392120361328125,68,100
76.05266571044922,61.35201454162598,51.474571228027344,92,100
46.1122989654541,31.772375106811523,28.282642364501953,0,100
82.54170417785645,156.83937072753906,63.28535079956055,100,100
133.26644897460938,118.4239387512207,57.7082633972168,100,100
103.70707511901855,102.40602493286133,103.95026206970215,100,100
91.40586853027344,78.48858833312988,71.29430770874023,40,100
88.0579948425293,74.56111907958984,67.87753105163574,24,100
74.34225082397461,69.83113288879395,61.506032943725586,100,100
68.69626045227051,130.8143138885498,60.86158752441406,38,100
139.99462127685547,86.33542060852051,75.67167282104492,100,100
69.6406364440918,111.09185218811035,115.03958702087402,100,100
75.53386688232422,88.67812156677246,81.69054985046387,100,100
64.88227844238281,75.78516006469727,76.17020606994629,100,100
161.65852546691895,112.45369911193848,87.6162052154541,100,100
78.6588191986084,126.71661376953125,113.51156234741211,100,100
112.24699020385742,95.83592414855957,74.36251640319824,100,100
0.0,85.0059986114502,87.57162094116211,100,100
87.97693252563477,62.7138614654541,57.17325210571289,87,100
187.09588050842285,106.27269744873047,67.69108772277832,100,100
90.71683883666992,79.60724830627441,72.89528846740723,74,100
142.9615020751953,110.24069786071777,70.2810287475586,74,100
135.09845733642578,85.02626419067383,113.15488815307617,77,100
147.03893661499023,103.21259498596191,106.71043395996094,85,100
128.31354141235352,80.8718204498291,69.11373138427734,100,100
88.34981918334961,93.99580955505371,72.99661636352539,45,100
80.95693588256836,76.23505592346191,67.72756576538086,31,100
188.67254257202148,114.8369312286377,68.4814453125,100,100
173.91514778137207,134.9160671234131,82.96728134155273,55,100
142.5764560699463,143.68295669555664,167.96112060546875,100,100
121.16789817810059,119.84658241271973,166.29528999328613,100,100
103.43551635742188,95.29685974121094,102.82349586486816,0,0
92.81229972839355,93.54996681213379,95.56031227111816,-100,100
140.80119132995605,96.42767906188965,99.43103790283203,-100,100
130.57518005371094,90.36421775817871,83.07266235351562,-100,100
95.7183837890625,126.79362297058105,60.68730354309082,-100,100
122.30682373046875,92.8487777709961,0.0,-100,100
88.1350040435791,172.39117622375488,92.85688400268555,0,0
184.13305282592773,142.28057861328125,92.97442436218262,100,100
140.1081085205078,158.88214111328125,177.94394493103027,100,100
142.83180236816406,138.96512985229492,87.3405933380127,100,100
101.4413833618164,111.84573173522949,119.87900733947754,100,100
95.42655944824219,112.9603385925293,65.06872177124023,100,70
72.14140892028809,87.43786811828613,97.63145446777344,100,71
77.3618221282959,115.35167694091797,106.38618469238281,100,72
70.51205635070801,107.01847076416016,102.16283798217773,100,100
112.37668991088867,76.87544822692871,68.22609901428223,100,100
80.55973052978516,110.04209518432617,69.78249549865723,100,100
92.7879810333252,81.24065399169922,74.15580749511719,100,98
83.1456184387207,132.83276557922363,83.10914039611816,100,100
148.15354347229004,81.6946029663086,78.2778263092041,100,100
100.69155693054199,123.23904037475586,86.23409271240234,54,100
109.57193374633789,77.10647583007812,69.86355781555176,100,100
71.54154777526855,79.9720287322998,81.15553855895996,100,100
109.41386222839355,71.30646705627441,57.78932571411133,100,100
75.99186897277832,83.36448669433594,141.71314239501953,100,100
100.02279281616211,107.45620727539062,100.79693794250488,100,100
77.64959335327148,83.3442211151123,94.83075141906738,0,100
74.71108436584473,73.4262466430664,67.9464340209961,0,0
57.7852725982666,70.00946998596191,64.42832946777344,-100,0
55.46283721923828,56.472063064575195,83.41717720031738,23,0
51.07736587524414,53.971290588378906,55.81951141357422,100,0
64.52155113220215,62.499046325683594,60.92643737792969,100,0
46.18525505065918,53.030967712402344,56.058645248413086,39,0
87.09335327148438,100.69155693054199,70.64580917358398,0,6
71.77257537841797,98.08135032653809,103.65843772888184,100,100
186.68246269226074,86.40027046203613,74.05447959899902,68,100
142.7750587463379,168.3664321899414,74.41115379333496,100,100
133.4691047668457,142.50755310058594,135.54835319519043,100,100
96.82488441467285,105.87143898010254,124.98188018798828,100,52
104.30693626403809,98.5555648803711,150.91776847839355,100,100
68.0396556854248,75.40416717529297,84.76686477661133,23,87
64.03923034667969,101.42922401428223,108.71672630310059,-100,0
64.26215171813965,68.25041770935059,66.46299362182617,100,0
65.07682800292969,101.81427001953125,123.27957153320312,100,0
112.08081245422363,114.33839797973633,119.87495422363281,0,0
112.23077774047852,117.3863410949707,93.75262260437012,100,100
76.83086395263672,85.62207221984863,111.08779907226562,19,100
71.31457328796387,67.74783134460449,117.79165267944336,100,100
35.50124168395996,42.62661933898926,67.76809692382812,100,51
147.05920219421387,122.17307090759277,59.73482131958008,100,100
126.10459327697754,108.00743103027344,101.11713409423828,100,100
91.06945991516113,79.28299903869629,77.7590274810791,100,100
102.21552848815918,0.0,148.72097969055176,100,100
0.0,115.8299446105957,107.54537582397461,63,100
145.70951461791992,0.0,107.91826248168945,100,100
168.4434413909912,0.0,85.43562889099121,0,0
143.58162879943848,157.52840042114258,0.0,0,0
157.04607963562012,0.0,85.56127548217773,0,0
130.69677352905273,162.11652755737305,0.0,0,0
0.0,0.0,90.24667739868164,0,0
127.77853012084961,158.11610221862793,0.0,0,0
165.541410446167,0.0,0.0,0,0
153.70631217956543,161.7436408996582,0.0,0,0
165.18068313598633,0.0,0.0,0,0
153.17130088806152,169.09193992614746,0.0,100,20
0.0,75.73652267456055,75.90675354003906,0,100
106.7955493927002,0.0,0.0,100,100
0.0,210.9525203704834,220.2746868133545,100,100
83.2834243774414,211.53616905212402,191.1003589630127,100,100
194.49687004089355,155.10058403015137,147.69959449768066,100,100
150.82859992980957,161.38696670532227,135.73074340820312,100,100
157.61756896972656,105.86333274841309,99.09462928771973,99,100
100.61454772949219,109.41791534423828,90.73305130004883,100,100
109.35711860656738,87.93234825134277,54.40092086791992,100,100
57.48939514160156,67.05880165100098,51.49483680725098,100,100
49.76820945739746,64.54586982727051,52.60944366455078,100,100
39.067983627319336,42.10782051086426,48.99001121520996,0,0
41.99028015136719,47.03640937805176,46.319007873535156,-100,0
49.4844913482666,35.9957218170166,28.870344161987305,-100,0
173.6152172088623,125.35881996154785,54.56709861755371,0,0
123.91185760498047,123.68893623352051,129.9145221710205,0,100
121.08683586120605,119.53854560852051,119.11702156066895,0,90
215.90948104858398,0.0,192.06500053405762,100,100
171.46706581115723,164.5646095275879,150.0098705291748,100,100
207.8235149383545,140.3796672821045,143.2654857635498,0,100
205.91449737548828,122.01905250549316,117.26069450378418,100,100
134.3405246734619,162.37187385559082,209.8865509033203,5,100
149.24383163452148,140.47694206237793,172.3790168762207,100,100
88.0742073059082,76.79438591003418,122.51758575439453,100,61
95.7345962524414,99.9457836151123,98.02865982055664,100,67
75.1488208770752,75.23393630981445,115.52596092224121,100,71
93.33515167236328,77.21185684204102,68.89081001281738,100,52
76.67684555053711,98.52313995361328,135.6213092803955,0,0
